16   0.6064412048665193
17   0.6271325181983072
19   0.5357852802093337
23   0.45715306583498594
21   0.4669647333129168
25   0.4658884314061744
27   0.4240102786863884
33   0.32681258942124825
30   0.3630073167612412
37   0.29678568706523767
44   0.24641038669333273
40   0.2810612543469995
53   0.19819019681809696
48   0.23440772942890134
58   0.187357238897013
64   0.16834598949070856
71   0.14896050719212833
78   0.14444476769941317
94   0.12606633525010666
85   0.1307964496254669
103   0.11744094185798797
113   0.11121675115668057
136   0.09295860448041396
149   0.08594495930327042
124   0.09793876148804406
180   0.08006086008352215
164   0.08507290765368958
198   0.07538680360534764
217   0.07554773215093652
238   0.06884028366457691
287   0.060288030882265385
262   0.0623263420184621
346   0.05245453763774621
315   0.05666421954835125
380   0.049776800361398484
417   0.046688727668319836
458   0.04435885724565783
503   0.041229180944426576
606   0.036961631528168774
552   0.039587164067805915
665   0.033947183685400374
730   0.031090172687263856
801   0.028579727353683086
880   0.026934383962853695
966   0.025848191954759847
1163   0.022986514094774695
1060   0.024389810641119163
1277   0.02128018669154896
1402   0.019880459011780247
1689   0.01765781467612441
1539   0.018764745003232403
1854   0.01646367614955898
2036   0.01551590237082336
2453   0.013867016581369554
2234   0.014767027186769097
2692   0.01301885616329257
2955   0.012189093194163775
3244   0.011443060859037417
3561   0.010792168499918991
3909   0.010209281592553713
4291   0.009650620236565008
4710   0.009141196350635577
5170   0.008597255920727218
5675   0.00800339230228754
6230   0.0075006569702378845
6838   0.007031674998450941
7506   0.006580622619259818
8239   0.006191434492430182
9044   0.005845308980397046
9928   0.00547345511247724
10897   0.005158060256930191
11962   0.004845181173254868
13130   0.004571628162657903
14413   0.004323674421975765
19062   0.003571955063911982
15821   0.004049883383803313
17366   0.0038233347397158557
20925   0.003361880197617678
22968   0.0031561098026272926
25212   0.0029637612506796854
27675   0.002783096151722499
30378   0.002614009765161323
33345   0.0024696386464152296
36602   0.002318346694401723
40177   0.002172975175192792
44102   0.00203599744890768
48410   0.0019200016959168569
53138   0.0018002760811238485
58329   0.0016934685259399822
64026   0.0015904457825483588
70280   0.0014922586969923857
92952   0.0012367360268963072
77145   0.0014020291618009472
102031   0.0011637416426846354
84680   0.0013172023979117983
111997   0.0010933760161855998
122937   0.0010234361913322634
134945   0.0009639692625322269
148126   0.000905923966251783
162595   0.0008520854628923659
178476   0.0008010175293023248
195910   0.0007518049977609004
215045   0.0007071742434929781
236051   0.0006650998829106763
259107   0.0006247217694006188
284416   0.0005861724515634402
312197   0.0005509814481075585
342692   0.0005177840861185763
376165   0.00048635562539629996
412908   0.0004573747341004022
453240   0.0004296607875305832
497511   0.00040387940342012234
546106   0.00037951336681145816
599448   0.00035649034283694085
658001   0.0003349991197750465
722273   0.0003148340848543697
792822   0.0002959204790968478
870263   0.0002782363602470012
955268   0.00026154289441418185
1048576   0.0002458205520306328