21   0.9565285739128362
16   1.0913766181393456
19   1.0581694696884298
17   1.0625056740889403
23   0.8949815891698023
27   0.8233041520251919
25   0.8525759623217384
30   0.7555301542196765
44   0.571802021633924
33   0.6888962277322443
48   0.5245099475824953
71   0.41649641733212367
37   0.6359191688234525
40   0.6106908782835292
78   0.3969856317169225
53   0.5221152066262885
58   0.5072292756269742
85   0.36830060595611946
136   0.272377605578698
64   0.4572733632593183
124   0.29032211707267097
113   0.3011899576497705
103   0.3149065761378552
94   0.3422907522622212
164   0.231044731475927
180   0.22730314431798343
217   0.19696887728126297
198   0.21599202318547994
238   0.18084276288676512
149   0.25216404231271505
262   0.17195947053755833
287   0.16059450582655793
346   0.1330206253140591
1402   0.01956727756376559
1539   0.01859068650164157
1689   0.018107428331124557
315   0.15292998545663136
1854   0.016512854338631575
2036   0.01591996626345055
2234   0.014580739884948965
503   0.10215015336648671
2453   0.014045046225429562
380   0.12547024288488431
552   0.09189030551144844
2692   0.013312977160902349
458   0.10676798627607283
2955   0.012500148757528685
3244   0.011470504623312998
3561   0.01099875478592654
801   0.060426810673922166
3909   0.010044746801893116
4291   0.009671406132325708
4710   0.009088339618962825
665   0.07461778505389229
417   0.11770689473381298
5170   0.008475264931781213
5675   0.007892511880672812
6230   0.007458391914700837
880   0.05484674314975707
6838   0.007045620668249241
606   0.0841469087425362
1277   0.023447941021064136
1163   0.03207823013168055
730   0.07123771427396201
7506   0.006538430404633089
8239   0.006201472693600515
9044   0.005893030459533602
9928   0.005480942037856532
10897   0.0051402699459794955
11962   0.004873840994521389
13130   0.00451911601866508
966   0.05212017602611193
14413   0.00428153322291685
1060   0.043935160665820136
15821   0.004002152186880561
17366   0.003773426871875463
19062   0.003570222438406279
20925   0.003367313263241283
22968   0.003161151448450566
25212   0.0029494698229329507
27675   0.002780659479970919
30378   0.002607640273010688
33345   0.002455186619771799
36602   0.002296333979309922
40177   0.002168994086195219
44102   0.002034453188395527
48410   0.0019183294981749842
53138   0.001787270419838296
58329   0.0016844127206015423
64026   0.001589491534499278
70280   0.00149073562889105
77145   0.0013993012598543706
84680   0.0013150185713780484
92952   0.0012358849753940585
102031   0.0011558735857692716
111997   0.0010942227025864588
122937   0.0010286388312703704
134945   0.0009658415114913361
148126   0.0009069644251257599
162595   0.000851866936142672
178476   0.0008015547002991138
195910   0.0007517371631422246
215045   0.000707465573930158
236051   0.0006645816814819469
259107   0.0006245575028320092
284416   0.0005874051757848376
312197   0.0005512420969985829
342692   0.0005175916640603821
376165   0.00048720937629619413
412908   0.00045708120837145174
453240   0.00043020352277258313
497511   0.00040313208201315874
546106   0.0003798538482385895
599448   0.0003569115549650037
658001   0.000335617715749201
722273   0.0003153484682040569
792822   0.0002963369346584847
870263   0.0002782350490699162
955268   0.00026177745860847816
1048576   0.0002456534877259612
