16   1.0003035932325772  0.030596184782963824
17   1.0383976645069786  0.017446141162305112
23   0.8814656967761735  0.009764775689373322
19   0.9413951947130554  0.3229024533045281
30   0.7720219275399913  0.020576062883165158
21   0.8695217492201524  0.28281586141002263
27   0.8187279185732486  0.0010283505229887854
25   0.8422639164257042  0.016088958516871567
37   0.6604560819754536  0.009903294674817134
53   0.5155467224354728  0.009306886016738344
71   0.43571560836315343  0.003435753280434339
44   0.5549462304458002  0.014795261813841857
103   0.3108416328418486  0.01654286431254614
48   0.5479690907136056  0.008320970499266563
33   0.6898793950078537  0.019595334158910592
64   0.45613153593407585  0.01556881763297999
40   0.6021760700834904  0.023389784701077405
78   0.40262559218941596  0.011461565508285499
58   0.4822879704250312  0.01648656333773228
85   0.37081820915866726  0.01277580720960969
113   0.3135710173897421  0.004174765345995176
94   0.3607383039100797  0.004311662289958057
262   0.17746499301025545  0.00531668084840726
164   0.24164351416203755  0.009744063469325055
136   0.2792671676117581  0.005764294191241807
124   0.28486122467174835  0.010799954198281047
149   0.26644547372547617  0.004079116184158913
198   0.21765933831070888  0.0058077450374859774
180   0.2304421625037011  0.006656237264297217
287   0.1683945078412448  0.006405642754588465
217   0.20863382837345218  0.001246760070257074
238   0.19705985986579105  0.002287410810630766
315   0.1643339520263918  0.002927560469671433
346   0.15381972417401896  0.001485492724585455
458   0.12281860643072909  0.0029686014030163715
380   0.146648344941015  0.0006380813075672806
417   0.13732891658483098  0.001332666172930704
665   0.10104683368628117  0.0011295318594244628
503   0.12124457046599114  0.0010207588413153237
606   0.10757833849434625  0.001029236643257628
552   0.11518538688690433  0.0009057423229302748
801   0.08957000093009532  0.0006714552535003156
730   0.09622588243662225  0.0006170489275699248
880   0.08465074523277012  0.0007279516262419003
1060   0.07493369076865143  0.00036753213037061226
966   0.07969667326363176  0.0036802221869349882
1277   0.06636489064359294  0.0005538629374832652
1163   0.07058488615057022  0.0005205058065773158
1539   0.05864014411198941  0.0003447321613229838
1854   0.051583997468303756  0.0005677178217751304
1689   0.055269207290290924  0.0004520590582206969
2692   0.04036441826992572  0.0003028952836727032
1402   0.06270204227529072  0.0003756363680495643
2453   0.04325187514583063  0.00028737751448091453
2234   0.04595399827867296  0.00033589900386572725
2036   0.048980431647775435  0.00041239523637262056
3909   0.031620713884703784  0.0001938797394187239
3561   0.03365474951133815  0.00020555433253752244
2955   0.03833263890048256  0.00023703910871374792
3244   0.03593747552261538  0.00021554934281437855
4710   0.0279045535709166  0.00021005166371238198
20925   0.009499746937355306  0.0004096467382693737
22968   0.004459981653732815  0.0020618084890350347
25212   0.0029245481318041946  0.0019759664360660895
27675   0.0027598007463894175  0.001873902456652823
30378   0.0026029370276825724  0.0017698839437494745
33345   0.0024444466169753713  0.0016591326176075324
36602   0.002303707001928312  0.00156443475546815
40177   0.0021677947534097493  0.0014713820513688018
44102   0.002036474742149471  0.0013858472283247321
48410   0.001912872114425692  0.001300283523407867
53138   0.001797771954228551  0.0012216119208205963
58329   0.0016922255706862455  0.0011477617224949495
64026   0.001591163108175442  0.0010782003038757291
4291   0.02971779039443975  0.00022341320221011548
70280   0.0014949019769265868  0.0010154737320096185
77145   0.001405671440911033  0.0009524036290717012
84680   0.0013215510404639003  0.0008935123455069072
92952   0.0012420545123147254  0.0008419792072885111
102031   0.0011670813626475842  0.0007930933120979383
111997   0.0010968932024270565  0.0007444881015772001
122937   0.0010296847707698302  0.0006995123730056414
134945   0.0009659639337195288  0.000656025032409734
148126   0.0009069588888564929  0.0006152725130173625
162595   0.0008533934578932531  0.000579479864612175
178476   0.0008024221047756815  0.000544811091266405
195910   0.0007532676381304863  0.0005108493895800424
215045   0.0007077413929887993  0.0004792042059782297
236051   0.0006654232529716819  0.0004500378985428117
259107   0.0006247770979729106  0.0004232198168121081
284416   0.0005877077179847886  0.0003987758331032376
312197   0.0005524444702304355  0.0003745860604666184
342692   0.0005185919380484904  0.00035162706330953104
376165   0.00048780161373349464  0.00033128784190925606
412908   0.00045793692416994385  0.0003108430931417676
453240   0.00043036473909952147  0.00029206382763419903
497511   0.00040447409358675346  0.0002746009274709136
546106   0.00038025449923646115  0.00025811866915769415
599448   0.00035720356494770597  0.00024218657978504444
658001   0.00033576231610594765  0.0002277994984783239
722273   0.0003155103306398875  0.00021413278115326768
792822   0.00029643028859075387  0.00020135428080710063
870263   0.00027845002393922454  0.00018915466724150407
955268   0.000261684187046917  0.0001776506285705162
1048576   0.000245805274917268  0.00016691722477755764
5170   0.02628421166898617  0.00016599621882355776
6838   0.0217651876607074  0.00012696506390365446
5675   0.02470901470641372  0.00017758057973034084
7506   0.020397385709324024  0.00018498529389860996
6230   0.023223302455295768  0.00016541596771226335
8239   0.019240704097582547  0.0001483766769793709
9044   0.01804971019821305  0.00011943249726067672
11962   0.014988835051689324  0.00010582943639005067
9928   0.017009965209664104  0.0001310368109469414
15821   0.012401928941623657  0.00011052820241166434
10897   0.01600394897358619  0.00010997757813864398
14413   0.013253923144251412  0.00011255878303170033
19062   0.010962869093756586  9.434231619537408e-05
17366   0.01167509620512115  0.0001018898347633566
13130   0.014119923349836711  0.00011250583251509905
