16   0.9755157319701111
17   1.0823050994906165
19   1.035892803080493
27   0.8247975145417767
33   0.6753860093956943
25   0.8651060565109483
21   0.9517884939672699
23   0.8910471340149522
40   0.5815577926862876
30   0.7694131992591695
48   0.553751248437726
44   0.5796547173840213
78   0.3972874163148732
37   0.6404678383214705
64   0.4544406045800282
53   0.5140393110837824
71   0.396473853119459
58   0.49288115541237315
94   0.35675596627754225
103   0.3286485061044647
85   0.37741299000119277
180   0.22202758132483696
124   0.2990395222152665
113   0.31748019981585396
149   0.252082770840739
136   0.2775645490896932
164   0.23236818015805438
287   0.157083682386814
198   0.2056139095468858
238   0.18925222558798674
262   0.16546065736238577
217   0.19791748234011003
1277   0.021162169806588062
1402   0.019779357760795473
315   0.14070088756823462
1539   0.01867873136919951
1689   0.017583574294808654
417   0.11609996728742103
1854   0.016400099395528594
2036   0.015462020651135226
2234   0.014720336391371195
730   0.06840100405713086
458   0.10804349755592078
2453   0.013826069835467603
2692   0.01298401339681334
2955   0.012159161393334155
3244   0.011417661416408431
880   0.056140282278807914
3561   0.01077033462683158
380   0.12436326343368394
3909   0.010190556635634078
1060   0.032518863840795775
552   0.09300073847478509
4291   0.009634678653713523
1163   0.029336471809428825
4710   0.0091274587204498
966   0.04367845374880991
5170   0.008585412565390929
346   0.13914853329782317
503   0.09999378778501289
5675   0.007993263954922343
606   0.08554683175342864
665   0.07625821400995073
6230   0.007492002819475983
6838   0.007024111740245175
7506   0.006574231243664468
8239   0.006185959136004314
9044   0.005840632863476453
9928   0.005469448928810483
10897   0.005154633888833192
801   0.06308055089093383
11962   0.004842258232063476
13130   0.00456909723588095
14413   0.0043214918368440275
15821   0.0040480095889187575
17366   0.0038217336238492165
19062   0.0035705999324075247
20925   0.0033607285473665855
22968   0.0031551273945602666
25212   0.0029629167517806637
27675   0.0027823703771125163
30378   0.002613389191140101
33345   0.0024691065498217723
36602   0.0023178910086748394
40177   0.0021725865563611076
44102   0.002035665703810371
48410   0.0019197167107931723
53138   0.0018000314081869477
58329   0.0016932592671985176
64026   0.0015902669894468484
70280   0.001492105654418508
77145   0.0014018980614295927
84680   0.0013170901576012872
92952   0.001236639792889903
102031   0.0011636592964622285
111997   0.0010933056570227064
122937   0.001023376090393342
134945   0.0009639177573225673
148126   0.0009058798498056725
162595   0.0008520476663137233
178476   0.0008009852480058627
195910   0.0007517774120997663
215045   0.0007071506214555328
236051   0.0006650796402269841
259107   0.0006247044373752291
284416   0.00058615760505923
312197   0.0005509687452091368
342692   0.0005177731899947086
376165   0.0004863463114513588
412908   0.000457366756516206
453240   0.0004296539693295183
497511   0.00040387356767977446
546106   0.0003795083666977291
599448   0.0003564860586167561
658001   0.00033499545454922735
722273   0.0003148309445694182
792822   0.00029591779270772653
870263   0.00027823405793677043
955268   0.00026154092376960735
1048576   0.0002458188643182542