16   1.0900479577975006
17   1.0563403720288187
21   0.9257603003903615
25   0.8489869217467991
23   0.8862676340008552
33   0.7053907456204919
27   0.8200095429267634
30   0.769587541866677
37   0.6508571829060164
19   1.036037212991501
48   0.5451637978184863
40   0.6268718627168594
58   0.49192971264914387
64   0.45774913050411653
94   0.365512322361095
44   0.5953945317761838
78   0.4076722184784689
53   0.5263054437949323
71   0.44697469693057645
136   0.27677106188588274
458   0.04169070727709593
503   0.03691474601473335
164   0.23751356990394334
113   0.3098684171986155
552   0.03287574154626279
606   0.029271716049009674
665   0.02602679292969397
730   0.023378523974003286
124   0.28537216362307344
801   0.021008099293731188
85   0.3847769180364907
880   0.01891790843107916
966   0.017190785266610345
149   0.2730272209366616
103   0.3435788290919307
1060   0.015709389050411908
287   0.11793540406374434
1163   0.014356680398405746
217   0.17087062992658603
1277   0.013203094746281827
1402   0.012220688031920324
1539   0.011377060014410053
1689   0.010633943314695355
1854   0.009991222372348712
2036   0.009447965802562684
2234   0.008966704977097647
180   0.23176837660913327
2453   0.008564005557798935
2692   0.008203363815658475
2955   0.007878099248973454
3244   0.007588081693403078
3561   0.007347149262625908
3909   0.0071235968203457135
4291   0.006925052355648051
4710   0.006749840624935115
198   0.21531586085003054
5170   0.006595924921999819
6230   0.006341271119608903
417   0.051625080904147996
5675   0.006459628978731522
6838   0.006239834848065594
346   0.13947134901622674
238   0.18685129038632403
380   0.08607849615517658
7506   0.0061467328228171116
8239   0.006067277967593138
9044   0.005997607463707857
315   0.1499941999888577
9928   0.005936164678378245
10897   0.005882415959894324
262   0.18033732513399908
11962   0.0058373925183968
13130   0.005796998387286031
14413   0.0057628601247535285
15821   0.0057324063579519725
17366   0.005706944709487849
19062   0.005684250170276139
20925   0.005664752153544009
22968   0.005647738620492991
25212   0.005633109740208794
27675   0.005605301681921957
30378   0.005528299257964155
33345   0.005410274917164728
36602   0.005236799922256812
40177   0.004988065340971777
44102   0.004707167587487764
48410   0.004419805316653648
53138   0.004143861588213048
58329   0.003885742808706731
64026   0.0036484719505979323
70280   0.00343278501037752
77145   0.0032386252400082873
84680   0.003065136766513644
92952   0.002910924106622357
102031   0.0027688298337562086
111997   0.0026302898055009793
122937   0.0024916185425064934
134945   0.0023499947429205725
148126   0.0021870977196864964
162595   0.002014061185422352
178476   0.0018434691153852237
195910   0.0016792242168735538
215045   0.0015233037060501907
236051   0.0013796571926222453
259107   0.0012491301331930293
284416   0.0011316922020699635
312197   0.0010268967768857636
342692   0.0009339045634857326
376165   0.00085175507155149
412908   0.0007794307933323824
453240   0.0007159498322068354
497511   0.0006603630639548581
546106   0.000611793090096681
599448   0.0005694376581559339
658001   0.0005325632421756085
722273   0.0005005091555685702
792822   0.0004726760750231135
870263   0.00044848227585036826
955268   0.00042743668475336166
1048576   0.00040912972208496863