16   1.072224226057246
25   0.7825270302472126
37   0.6546365234078214
30   0.7377489733268762
17   1.0895433611037957
23   0.8882639698188806
48   0.53760994896787
21   0.8937476320361917
19   1.0002760319115347
33   0.7046174547678815
27   0.8081640233152775
40   0.6345343724112124
44   0.5783615169698038
64   0.4552744414635924
58   0.49208645793976974
71   0.4089726733731239
53   0.5133332304349901
94   0.3539080424178566
78   0.40586784971456014
103   0.3207120840514491
136   0.26427978956734166
124   0.28087763089424717
85   0.3580279119770696
113   0.31832297057575304
149   0.2597548286594422
164   0.2407392663767736
180   0.21457328049862576
198   0.20621454666093625
238   0.1678766183771955
217   0.1887739326618068
315   0.13810551459967602
262   0.15689616322460342
287   0.14940662475886288
346   0.13441350286042084
1402   0.020311901869433942
1539   0.019283310200604434
380   0.12432218816705572
1689   0.01781851566538862
730   0.06766421025672517
606   0.0839783274352255
1854   0.016923374519464813
417   0.11124524191313381
2036   0.01602938680862742
2234   0.015015151240735984
2453   0.014230403911134287
966   0.049733762543952495
2692   0.013382351314857916
2955   0.012527226048270508
3244   0.01172694838929078
1277   0.025539673963098905
503   0.10035960000038481
3561   0.011101598423193379
880   0.0544175323311709
3909   0.010321113533896304
458   0.10700649521069411
552   0.09429162743247907
4291   0.009674043684935553
4710   0.009072207325884514
1060   0.04062911677066082
1163   0.033432551586759555
5675   0.00804008883906651
5170   0.008553162075830994
6230   0.007545079555003976
6838   0.007074854709632863
7506   0.00667456857892396
801   0.06262128160374576
665   0.07941966529496362
9044   0.005818133489518513
8239   0.006213342076755642
10897   0.005136235228796723
9928   0.005462210659981935
11962   0.004855148645778372
13130   0.004527524228851129
14413   0.004266716087841618
15821   0.003994111710202411
17366   0.003762250848556336
19062   0.0035294439077906527
20925   0.0033108724985616276
22968   0.0031142871223906474
25212   0.002924548131811286
27675   0.0027598007463961773
30378   0.002602937027688913
33345   0.0024444466169813214
36602   0.0023037070019339373
40177   0.0021677947534151005
44102   0.0020364747421544645
48410   0.0019128721144303588
53138   0.0017977719542329256
58329   0.001692225570690395
64026   0.0015911631081793587
70280   0.0014949019769302657
77145   0.0014056714409144831
84680   0.001321551040467132
92952   0.0012420545123177605
102031   0.0011670813626504363
111997   0.0010968932024297403
122937   0.001029684770772328
134945   0.000965963933721868
148126   0.000906958888858692
162595   0.0008533934578953238
178476   0.0008024221047776334
195910   0.0007532676381323202
215045   0.000707741392990525
236051   0.0006654232529733076
259107   0.0006247770979744351
284416   0.000587707717986224
312197   0.0005524444702317843
342692   0.0005185919380497547
376165   0.0004878016137346859
412908   0.00045793692417106155
453240   0.00043036473910057195
497511   0.0004044740935877383
546106   0.00038025449923738956
599448   0.0003572035649485763
658001   0.00033576231610676563
722273   0.0003155103306406546
792822   0.0002964302885914762
870263   0.00027845002393990325
955268   0.00026168418704755505
1048576   0.00024580527491786726